{
  "l27kwlcx3fjh7t6w9ccvic": {
    "poses": {
      "487967815974661": {
        "R": [
          [
            1.0,
            0.0,
            0.0
          ],
          [
            0.0,
            1.0,
            0.0
          ],
          [
            0.0,
            0.0,
            1.0
          ]
        ],
        "t": [
          0.0,
          0.0,
          0.0
        ]
      },
      "595114328129242": {
        "R": [
          [
            0.9999996781030877,
            0.0007926635772717017,
            0.00012441130846546633
          ],
          [
            -0.000793288650732249,
            0.9999866430077382,
            0.005107298623652445
          ],
          [
            -0.0001203612771066842,
            -0.00510739567370827,
            0.9999869499261456
          ]
        ],
        "t": [
          -0.5306968056424365,
          -0.5595688346667373,
          -0.6365874800454557
        ]
      },
      "468020011157631": {
        "R": [
          [
            0.9999907828853093,
            0.003808814604458077,
            0.0019816850743834286
          ],
          [
            -0.0038031009272992584,
            0.9999886236390485,
            -0.0028790650946632704
          ],
          [
            -0.001992628355198206,
            0.0028715020096456885,
            0.9999938919355688
          ]
        ],
        "t": [
          -1.037228216785476,
          -1.110648172975182,
          -1.2997145360573243
        ]
      },
      "509059190130782": {
        "R": [
          [
            0.9998365019399632,
            0.005463258015520285,
            0.01723723296567477
          ],
          [
            -0.005101667678544273,
            0.9997674668452693,
            -0.020951974243307525
          ],
          [
            -0.01734769077873986,
            0.02086061000187578,
            0.9996318785307889
          ]
        ],
        "t": [
          -1.7529155858436432,
          -1.5426037597354538,
          -1.8485368760155185
        ]
      },
      "549798756007659": {
        "R": [
          [
            0.9999365947588386,
            0.0020448361866297225,
            -0.011073622129509124
          ],
          [
            -0.000622259466160344,
            0.9919058180330094,
            0.12697425308078766
          ],
          [
            0.011243631764429449,
            -0.12695931158145576,
            0.9918441984240812
          ]
        ],
        "t": [
          -2.3792172321164125,
          -2.0382413447672683,
          -1.2467980355042467
        ]
      },
      "177246630949005": {
        "R": [
          [
            0.9998209806989683,
            -0.007811945736557768,
            -0.017233109352657896
          ],
          [
            0.010079833328299872,
            0.990696904351309,
            0.13571308215794156
          ],
          [
            0.016012604854466945,
            -0.1358624937668363,
            0.990598293594952
          ]
        ],
        "t": [
          -1.918339915072659,
          -1.6398480008393603,
          -2.0398143292514126
        ]
      },
      "170058561705143": {
        "R": [
          [
            0.9997496874131947,
            -0.010239390162216219,
            -0.01989264704168991
          ],
          [
            0.01304839937795119,
            0.9891018036725574,
            0.1466538824762817
          ],
          [
            0.01817420674727904,
            -0.14687674036687978,
            0.9889878266936896
          ]
        ],
        "t": [
          -1.4777506514668326,
          -1.2424023551367531,
          -2.844747903844567
        ]
      },
      "530796564614344": {
        "R": [
          [
            0.9997877590614608,
            -0.007170757434687624,
            -0.01931364980199616
          ],
          [
            0.009841516610318528,
            0.9898244266874751,
            0.1419533334713255
          ],
          [
            0.01809920942113528,
            -0.14211328076793311,
            0.9896849165505677
          ]
        ],
        "t": [
          -0.9382367074137925,
          -0.8479236065924864,
          -3.5885968274300506
        ]
      },
      "291129559315209": {
        "R": [
          [
            0.9978106850504609,
            -0.030303140602506856,
            0.05878398139589063
          ],
          [
            -0.030092370413697483,
            0.583473643783426,
            0.8115743688984869
          ],
          [
            -0.05889215603127958,
            -0.8115665263425528,
            0.5812843428807208
          ]
        ],
        "t": [
          -0.2832719864696295,
          -1.0170297188336792,
          -4.325091455462871
        ]
      },
      "1197003347412468": {
        "R": [
          [
            0.9977440626646922,
            -0.038380920054446564,
            0.05507894691374453
          ],
          [
            -0.022664252815610502,
            0.579700907570533,
            0.8145140817728143
          ],
          [
            -0.06319111536967095,
            -0.8139249122232808,
            0.5775232637744243
          ]
        ],
        "t": [
          -0.7841680882509339,
          -0.8242621609026622,
          -5.168859056067212
        ]
      },
      "3701671393289068": {
        "R": [
          [
            0.9976080254430028,
            -0.04220701775749071,
            0.054742992462327875
          ],
          [
            -0.02037613828554796,
            0.5772009070056434,
            0.8163479196644229
          ],
          [
            -0.06605331604302662,
            -0.815510686995506,
            0.574960241091364
          ]
        ],
        "t": [
          -1.2657923944667853,
          -0.6219324062596542,
          -6.02156105445129
        ]
      },
      "1464734177204763": {
        "R": [
          [
            0.997600906986388,
            -0.04083198305019232,
            0.05590330527011795
          ],
          [
            -0.022190124773976017,
            0.5763138634788824,
            0.8169271259571198
          ],
          [
            -0.06557460440178563,
            -0.8162077431158278,
            0.5740251661167107
          ]
        ],
        "t": [
          -1.7287414421048324,
          -0.40475492453300593,
          -6.880928333745712
        ]
      }
    },
    "points_xyz": [],
    "metadata": {
      "scale": 1.0,
      "mode": "opencv",
      "source_type": "real",
      "pairs_processed": 11,
      "avg_inliers": 71330.45454545454,
      "avg_matches": 380.90909090909093,
      "coordinate_frame": "enu"
    }
  }
}